date;states;positive;negative;pending;hospitalizedCurrently;hospitalizedCumulative;inIcuCurrently;inIcuCumulative;onVentilatorCurrently;onVentilatorCumulative;recovered;hash;dateChecked;death;hospitalized;total;totalTestResults;posNeg;fips;deathIncrease;hospitalizedIncrease;negativeIncrease;positiveIncrease;totalTestResultsIncrease
20200505;56;1195605;6348723;2633;50906;129357;9348;4794;4818;439;189791;def2b609d6cbd1e813b6ed8b9f95f4a53282cbc9;2020-05-05T20:00:00Z;65307;129357;7546961;7544328;7544328;;2527;1960;236802;22348;259150
20200504;56;1173257;6111921;2791;50062;127397;9366;4579;4848;430;187180;75085258973a98c1de7c4eeea4900da049f67395;2020-05-04T20:00:00Z;62780;127397;7287969;7285178;7285178;;912;1601;210561;21251;231812
20200503;56;1152006;5901360;2812;50312;125796;9292;4502;4761;425;180152;38ee777bc4004a8cd411ebf9d64a06a9c2a53df8;2020-05-03T20:00:00Z;61868;125796;7056178;7053366;7053366;;1158;1936;221838;26287;248125
20200502;56;1125719;5679522;1578;51734;123860;9403;4386;4845;375;175382;90a5d8248b8ba1ec2dce8f7d9fe4269407f33647;2020-05-02T20:00:00Z;60710;123860;6806819;6805241;6805241;;1651;2112;223393;30038;253431
20200501;56;1095681;5456129;1639;52370;121748;9205;4300;4707;376;164015;4eed82ad933dc4797e356a1bb4a414fc69a11050;2020-05-01T20:00:00Z;59059;121748;6553449;6551810;6551810;;1739;9761;262863;33178;296041
20200430;56;1062503;5193266;2775;53793;111987;9486;4192;4712;373;154991;4745f0f6879442e892d24ea89c358d84202d6858;2020-04-30T20:00:00Z;57320;111987;6258544;6255769;6255769;;2095;2297;200253;29346;229599
20200429;56;1033157;4993013;4832;54930;109690;9612;4093;4796;365;147484;1b2b4decb066cd9c2d0685b82fd2f062fa18eaab;2020-04-29T20:00:00Z;55225;109690;6031002;6026170;6026170;;2700;3382;202877;27368;230245
20200428;56;1005789;4790136;4206;54940;106308;9491;3798;4760;195;139342;2f0c2d2f7f4affe68f00ea36c37de73b39aa241f;2020-04-28T20:00:00Z;52525;106308;5800131;5795925;5795925;;2198;2059;177775;24029;201804
20200427;56;981760;4612361;4077;54971;104249;9655;3720;4867;195;121609;afd57e6ae83b64aaabccac5e34e62b272adf8009;2020-04-27T20:00:00Z;50327;104249;5598198;5594121;5594121;;1163;3016;168567;21899;190466
20200426;56;959861;4443794;4445;55050;101233;14831;2571;5121;227;116801;0e0e8a1dd1d89e100e7982b165d06119f924edfe;2020-04-26T20:00:00Z;49164;101233;5408100;5403655;5403655;;1095;2134;179387;27015;206402
20200425;56;932846;4264407;5315;56344;99099;15020;2516;5266;227;112783;b60433ae83effa5530375a76e8dd0b1fb36ca85e;2020-04-25T20:00:00Z;48069;99099;5202568;5197253;5197253;;1818;2422;235320;35952;271272
20200424;56;896894;4029087;4396;56075;96677;15078;2468;5187;227;101517;7a27d2aa10629af882896ac13ca28228dbca7f3e;2020-04-24T20:00:00Z;46251;96677;4930377;4925981;4925981;;1866;3407;197707;34148;231855
20200423;56;862746;3831380;4258;57840;93270;15163;2428;5464;227;82194;39cdfd0473ebda8fca65f072585a9bfb3e1b8416;2020-04-23T20:00:00Z;44385;93270;4698384;4694126;4694126;;1877;2667;160447;31376;191823
20200422;56;831370;3670933;4191;58086;90603;15341;2370;5474;227;78230;417d9ed63c672c4f6f902fbc06f0fc239f6da02d;2020-04-22T20:00:00Z;42508;90603;4506494;4502303;4502303;;2037;2879;286289;28565;314854
20200421;56;802805;3384644;3956;58541;87724;15228;2315;5514;214;73002;f5c1ac52747c2f776de886c4e23582e9ec25445d;2020-04-21T20:00:00Z;40471;87724;4191405;4187449;4187449;;2558;2888;122168;25983;148151
20200420;56;776822;3262476;4037;55652;84836;14691;2193;5567;214;69636;32853d9f0eb13fb13d114d38144ef2fae7fda1fa;2020-04-20T20:00:00Z;37913;84836;4043335;4039298;4039298;;1689;2080;122380;25225;147605
20200419;56;751597;3140096;11324;55550;82756;14548;2145;5603;214;67339;d3b27ed516135468c7e30954d2ef3dac68f4758a;2020-04-19T20:00:00Z;36224;82756;3903017;3891693;3891693;;1667;2103;138947;27538;166485
20200418;56;724059;3001149;9906;56553;80653;14788;2096;5729;205;62961;720a19f86999b63c27a2102e2dfab1bcc598bf67;2020-04-18T20:00:00Z;34557;80653;3735114;3725208;3725208;;1772;3198;114300;28049;142349
20200417;56;696010;2886849;10889;57808;77455;14910;2052;6096;148;53644;020a57050f15e9d78019cc61f6ff0b0cb6a7440a;2020-04-17T20:00:00Z;32785;77455;3593748;3582859;3582859;;2063;3279;126288;31881;158169
20200416;56;664129;2760561;16927;58625;74176;15150;1834;5940;137;48945;8a2df24f620fec77b699c4559c4346bcb5fcb30a;2020-04-16T20:00:00Z;30722;74176;3441617;3424690;3424690;;2158;2938;131109;31017;162126
20200415;56;633112;2629452;16901;59260;71238;14667;1783;6032;223;43522;208ab6d4b277477c1797e1e9b1c230af78db269a;2020-04-15T20:00:00Z;28564;71238;3279465;3262564;3262564;;2498;4330;106389;30317;136706
20200414;56;602795;2523063;16615;58719;66908;14039;1715;5975;221;39347;848bcd48322fa485c7b2fa7109c01525011bf4a6;2020-04-14T20:00:00Z;26066;66908;3142473;3125858;3125858;;2312;3165;124623;25920;150543
20200413;56;576875;2398440;17159;55295;63743;13632;1628;6168;210;35442;2ab88f089f437686ef2919034e0cf08094a42617;2020-04-13T20:00:00Z;23754;63743;2992474;2975315;2975315;;1517;2263;108024;24969;132993
20200412;56;551906;2290416;16419;54749;61480;13623;1455;5986;160;34151;ed569da790839510649c0d0ebfe6b92607d357e2;2020-04-12T20:00:00Z;22237;61480;2858741;2842322;2842322;;1551;2544;112549;29156;141705
20200411;56;522750;2177867;16593;54757;58936;13280;1405;5978;154;31631;efcc1f40be79a221c9ab7bac7f7158a403d9eea3;2020-04-11T20:00:00Z;20686;58936;2717210;2700617;2700617;;1935;2115;108666;29902;138568
20200410;56;492848;2069201;17435;51745;56821;12698;1185;5937;41;29054;29e3a3ac8115c5ceee59b80572aa7bfff329e358;2020-04-10T20:00:00Z;18751;56821;2579484;2562049;2562049;;2092;4215;123199;34588;157787
20200409;56;458260;1946002;17622;49826;52606;12254;924;5794;39;24869;235f0e5ea65e5d5f44ecac0b120d4cfc1a648f13;2020-04-09T20:00:00Z;16659;52606;2421884;2404262;2404262;;1922;3153;131618;34215;165833
20200408;56;424045;1814384;17219;44063;49453;9932;1013;4131;216;21141;2eaad2ba7089a557ca4101f226f509eb46cf474c;2020-04-08T20:00:00Z;14737;49453;2255648;2238429;2238429;;1896;3557;114262;30171;144433
20200407;56;393874;1700122;16548;42294;45896;9875;889;4076;151;18477;df8d6fc8ddaef8d88e10713a8d639f967d191226;2020-04-07T20:00:00Z;12841;45896;2110544;2093996;2093996;;1904;2272;122336;30409;152745
20200406;56;363465;1577786;17283;34663;43624;6943;814;2961;147;16584;21b890c750c62651a9b588c570e390574503dd33;2020-04-06T20:00:00Z;10937;43624;1958534;1941251;1941251;;1223;2914;121983;28747;150730
20200405;56;334718;1455803;17303;30905;40710;5677;760;652;147;14542;20aa5185cfeeb765454486ba1db7d5ba708b8617;2020-04-05T20:00:00Z;9714;40710;1807824;1790521;1790521;;1227;2741;93693;25966;119659
20200404;56;308752;1362110;15569;29095;37969;5383;554;656;147;12840;1ea434dd3fcd267c992b7e9ff65801a4a1adf465;2020-04-04T20:00:00Z;8487;37969;1686431;1670862;1670862;;1375;4468;195279;33518;228797
20200403;56;275234;1166831;61976;24564;33501;4811;486;605;147;10861;1c3ac1e94118f31e4ae9484cd2a88276ab138397;2020-04-03T20:00:00Z;7112;33501;1504041;1442065;1442065;;1188;3303;100233;31999;132232
20200402;56;243235;1066598;62097;21833;30198;4410;456;574;140;8586;e576ac7ace732b4ab366621b5e02c86363f32968;2020-04-02T20:00:00Z;5924;30198;1371930;1309833;1309833;;1101;4141;89965;28058;118023
20200401;56;215177;976633;59665;19982;26057;3937;407;561;140;7084;77324cdf26fe0c0c90a932126b52e893e434b5d9;2020-04-01T20:00:00Z;4823;26057;1251475;1191810;1191810;;946;3890;82403;25179;107582
20200331;56;189998;894230;59518;17856;22167;3487;236;507;;5666;d56ea12a27de887e9dfd67cbb5ab7b12bf5ef8af;2020-03-31T20:00:00Z;3877;22167;1143746;1084228;1084228;;817;3656;86617;24477;111094
20200330;56;165521;807613;65369;15574;18511;3087;187;451;;4560;127f1fac888347043dfb1a95f6bc89f5e263867c;2020-03-30T20:00:00Z;3060;18511;1038503;973134;973134;;533;2248;96226;21224;117450
20200329;56;144297;711387;65545;13833;16263;2456;156;439;;4061;49152a4f806a67d26bc38b8842149f8f6f872c6d;2020-03-29T20:00:00Z;2527;16263;921229;855684;855684;;489;2514;69298;19482;88780
20200328;56;124815;642089;65709;12179;13749;2174;140;390;;3148;bfd44387b869daf0d627ff9877d00d918e110cbf;2020-03-28T20:00:00Z;2038;13749;832613;766904;766904;;434;2208;85013;19353;104366
20200327;56;105462;557076;60091;10789;11541;1792;124;324;;2422;120ac83f89f0567eb02936d7c51a6583ba6eb87f;2020-03-27T20:00:00Z;1604;11541;722629;662538;662538;;373;2394;84397;18673;103070
20200326;56;86789;472679;60251;7617;9147;1299;91;258;;97;70da91b99a922a51b5df69a1f412216bee6e718c;2020-03-26T20:00:00Z;1231;9147;619719;559468;559468;;278;3711;83148;17316;100464
20200325;56;69473;389531;51235;4971;5436;;74;167;;147;311a4cbdb0bd99b1f549386c88dbcf622a9a7a31;2020-03-25T20:00:00Z;953;5436;510239;459004;459004;;228;1345;71193;12294;83487
20200324;56;57179;318338;14433;3828;4091;;;;;;43c6f1f02143f4ca0141fdfa133d35c91712e898;2020-03-24T20:00:00Z;725;4091;389950;375517;375517;;204;833;58447;10166;68613
20200323;56;47013;259891;14571;2770;3258;;;;;;3b784484c4c3f0d7669b830efff806a0948ade96;2020-03-23T20:00:00Z;521;3258;321475;306904;306904;;85;760;46456;10679;57135
20200322;56;36334;213435;2842;2155;2498;;;;;;3b7580739e94278832342a2f40123e990d3dd6c4;2020-03-22T20:00:00Z;436;2498;252611;249769;249769;;130;534;35635;8962;44597
20200321;56;27372;177800;3468;1436;1964;;;;;;8e7112b37f5451595e8c0540a69dd23440941fed;2020-03-21T20:00:00Z;306;1964;208640;205172;205172;;53;1964;38221;6532;44753
20200320;56;20840;139579;3330;1042;;;;;;;610f9ce50bc0cc837d0494a4d96ccbe7c0d45dc2;2020-03-20T20:00:00Z;253;;163749;160419;160419;;64;0;30384;5777;36161
20200319;56;15063;109195;3016;617;;;;;;;93e2b6dedbef9d13e275e6960b618a9c8fdd997c;2020-03-19T20:00:00Z;189;;127274;124258;124258;;44;0;23202;4198;27400
20200318;56;10865;85993;2526;416;;;;;;;62a31c6884b564a212840cb121ba4210ca52dfd0;2020-03-18T20:00:00Z;145;;99384;96858;96858;;25;0;22062;2577;24639
20200317;56;8288;63931;1687;325;;;;;;;004b536f20f9baeb2a36fc1e95a1abbb04092642;2020-03-17T20:00:00Z;120;;73906;72219;72219;;22;0;13451;2158;15609
20200316;56;6130;50480;1691;;;;;;;;c4096cb17defa077934525a47f0024dc49a5dcae;2020-03-16T20:00:00Z;98;;58301;56610;56610;;21;0;16374;1287;17661
20200315;51;4843;34106;2242;;;;;;;;fce06ee10c387522227eccdcf6c3b2c1c3433d98;2020-03-15T20:00:00Z;77;;41191;38949;38949;;14;0;6574;1084;7658
20200314;51;3759;27532;1236;;;;;;;;0c9417b208e3b528888877129e5759e5f76b71a4;2020-03-14T20:00:00Z;63;;32527;31291;31291;;8;0;3763;755;4518
20200313;51;3004;23769;1130;;;;;;;;91004c3d7f5a6d7a1f871125609aabfdd2073a1f;2020-03-13T20:00:00Z;55;;27903;26773;26773;;4;0;8194;862;9056
20200312;51;2142;15575;673;;;;;;;;e0943e8afd1b311a942133df91b2010ac41044a8;2020-03-12T20:00:00Z;51;;18390;17717;17717;;8;0;4667;470;5137
20200311;50;1672;10908;563;;;;;;;;a0b4013a889198b1d7287d1403749db68c32f6dc;2020-03-11T20:00:00Z;43;;13143;12580;12580;;6;0;3356;392;3748
20200310;50;1280;7552;469;;;;;;;;db1e3581ccf1eb81ef7408d61f194cd9e2ab1911;2020-03-10T20:00:00Z;37;;9301;8832;8832;;2;0;2145;267;2412
20200309;50;1013;5407;313;;;;;;;;ba24dbcbb560145de4f2aa056f127ea0755a2643;2020-03-09T20:00:00Z;35;;6733;6420;6420;;4;0;1504;292;1796
20200308;50;721;3903;347;;;;;;;;e4b9bea802a7daa13285f181d4296bc1491fa0d7;2020-03-08T20:00:00Z;31;;4971;4624;4624;;4;0;688;183;871
20200307;50;538;3215;602;;;;;;;;7e17c8f7fc818e32a05c5783f13bbb27b61c3966;2020-03-07T21:00:00Z;27;;4355;3753;3753;;1;0;619;151;770
20200306;36;387;2596;458;;;;;;;;f08bb4a7c21c799cc8827b629a1cb28a5184d5fa;2020-03-06T21:00:00Z;26;;3441;2983;2983;;6;0;683;112;795
20200305;24;275;1913;197;;;;;;;;9a418a2d5840d72d97a6bbb4486b9f0b14d21709;2020-03-05T21:00:00Z;20;;2385;2188;2188;;4;0;523;68;591
20200304;15;207;1390;103;;;;;;;;6fc995ed3259e0c2cad7e046bbbf274bf6960771;2020-03-04T21:00:00Z;16;;1700;1597;1597;;2;0;957;113;1070
20200303;3;94;433;;;;;;;;;e41c31aa1f8455a37dd739641ea9a45679fcc691;2020-03-03T21:00:00Z;14;;527;527;527;;3;0;204;41;245
20200302;3;53;229;;;;;;;;;ccb9f5a0e48895a5fc028393aa4335cb9b675a78;2020-03-02T21:00:00Z;11;;282;282;282;;3;0;148;13;161
20200301;3;40;81;;;;;;;;;7c08a921f79dc336c5fae71e055e3796ff0ed585;2020-03-01T21:00:00Z;8;;121;121;121;;3;0;58;22;80
20200229;1;18;23;;;;;;;;;767a2ebbc6868d871d9f9f27e4cec56f4933b0a0;2020-02-29T21:00:00Z;5;;41;41;41;;1;0;23;9;32
20200228;1;9;;;;;;;;;;7de1cbe8b7b0a50a3afdd4b9c4d69ff78318681e;2020-02-28T21:00:00Z;4;;9;9;9;;2;0;0;7;7
20200227;1;2;;;;;;;;;;a805cea4ab45c022f6b00d6076f20d4e77583783;2020-02-27T21:00:00Z;2;;2;2;2;;0;0;0;0;0
20200226;1;2;;;;;;;;;;837d19c7fcf582a8220fa348e8d85fd3f7811012;2020-02-26T21:00:00Z;2;;2;2;2;;2;0;0;0;0
20200225;1;2;;;;;;;;;;578b3152c51f04daa4ee6ea3506caa775b5f1f76;2020-02-25T21:00:00Z;;;2;2;2;;0;0;0;0;0
20200224;1;2;;;;;;;;;;3a27dd08c3d0828107dd98ad135a53f0b4f08666;2020-02-24T21:00:00Z;;;2;2;2;;0;0;0;0;0
20200223;1;2;;;;;;;;;;1bdeb1e3884a10e62b93bbccfc90f03a6cc13576;2020-02-23T21:00:00Z;;;2;2;2;;0;0;0;0;0
20200222;1;2;;;;;;;;;;df77ad25e996d3edeef4143c0034e41bb90ff8d7;2020-02-22T21:00:00Z;;;2;2;2;;0;0;0;0;0
20200221;1;2;;;;;;;;;;39ea15cf24b8e78f2ddb174c892479a842800926;2020-02-21T21:00:00Z;;;2;2;2;;0;0;0;0;0
20200220;1;2;;;;;;;;;;b548a7aae5afe902cf1ab97ebfd580bf19e38521;2020-02-20T21:00:00Z;;;2;2;2;;0;0;0;0;0
20200219;1;2;;;;;;;;;;25c62be2c01dba1116589405c3d4a7898c750721;2020-02-19T21:00:00Z;;;2;2;2;;0;0;0;0;0
20200218;1;2;;;;;;;;;;5878af2ae84856bcfb78f8b8b4b70fadb7dc0a47;2020-02-18T21:00:00Z;;;2;2;2;;0;0;0;0;0
20200217;1;2;;;;;;;;;;da75d8f0f88d970e35dd293431ef673f2af1438c;2020-02-17T21:00:00Z;;;2;2;2;;0;0;0;0;0
20200216;1;2;;;;;;;;;;9e17f5b8ee9645a9111cb8db49a7bd758dd0bc73;2020-02-16T21:00:00Z;;;2;2;2;;0;0;0;0;0
20200215;1;2;;;;;;;;;;e336ba8654b9c45fe6771c2f4d4e40d8b61f2f2b;2020-02-15T21:00:00Z;;;2;2;2;;0;0;0;0;0
20200214;1;2;;;;;;;;;;262efe18f989824eb72a8372c9b2c9c9da327057;2020-02-14T21:00:00Z;;;2;2;2;;0;0;0;0;0
20200213;1;2;;;;;;;;;;11c38a2f6a1800231250f1131b0ff6fa04c7192e;2020-02-13T21:00:00Z;;;2;2;2;;0;0;0;0;0
20200212;1;2;;;;;;;;;;7027cacbbb65cf28fd2a691e18fa266ae320101a;2020-02-12T21:00:00Z;;;2;2;2;;0;0;0;0;0
20200211;1;2;;;;;;;;;;ed44edfeeb97f3a0e0ed58969a9307e7f6ed86e1;2020-02-11T21:00:00Z;;;2;2;2;;0;0;0;0;0
20200210;1;2;;;;;;;;;;369de9a0d6f4da00c4a18501f32de48f93ef60b1;2020-02-10T21:00:00Z;;;2;2;2;;0;0;0;0;0
20200209;1;2;;;;;;;;;;411bb85c192f54f7a44df3e8f6693c20999126b9;2020-02-09T21:00:00Z;;;2;2;2;;0;0;0;0;0
20200208;1;2;;;;;;;;;;e80ee5933ca22c0361b63abc50662a42c00b1717;2020-02-08T21:00:00Z;;;2;2;2;;0;0;0;0;0
20200207;1;2;;;;;;;;;;c4f14d68a8e24875a03a3be45b06abd1852a583e;2020-02-07T21:00:00Z;;;2;2;2;;0;0;0;1;1
20200206;1;1;;;;;;;;;;836f913fb08c69692a025e280a4c684a80b1796f;2020-02-06T21:00:00Z;;;1;1;1;;0;0;0;0;0
20200205;1;1;;;;;;;;;;bacb23252fc23eed150dae0934012fc6e22187d1;2020-02-05T21:00:00Z;;;1;1;1;;0;0;0;0;0
20200204;1;1;;;;;;;;;;48d61649a3db06c47783fe643e0acdb8a15b6c12;2020-02-04T21:00:00Z;;;1;1;1;;0;0;0;0;0
20200203;1;1;;;;;;;;;;e887293476f594e90ba32c385d22b3bced9aa063;2020-02-03T21:00:00Z;;;1;1;1;;0;0;0;0;0
20200202;1;1;;;;;;;;;;fb99aa8a412d538f5f51e2254b63d201baaf0921;2020-02-02T21:00:00Z;;;1;1;1;;0;0;0;0;0
20200201;1;1;;;;;;;;;;58e13ca4e44e7210254e7b96070cb33fc65d5300;2020-02-01T21:00:00Z;;;1;1;1;;0;0;0;0;0
20200131;1;1;;;;;;;;;;758f70010ae20a79a7ddf5af353e641b1a2f2846;2020-01-31T21:00:00Z;;;1;1;1;;0;0;0;0;0
20200130;1;1;;;;;;;;;;29b71efffebda97166780afdbdf9064209ef97c6;2020-01-30T21:00:00Z;;;1;1;1;;0;0;0;0;0
20200129;1;1;;;;;;;;;;060141ee6f965eee9e5e2f41a97477320c32ea4d;2020-01-29T21:00:00Z;;;1;1;1;;0;0;0;0;0
20200128;1;1;;;;;;;;;;f74719df84c05599172392056e21bda7fb118903;2020-01-28T21:00:00Z;;;1;1;1;;0;0;0;0;0
20200127;1;1;;;;;;;;;;0fa4d692fb4012d0200fdd2dc51428578e613855;2020-01-27T21:00:00Z;;;1;1;1;;0;0;0;0;0
20200126;1;1;;;;;;;;;;49d7f7395cd6355c1cfd73e8f987b880a23b0806;2020-01-26T21:00:00Z;;;1;1;1;;0;0;0;0;0
20200125;1;1;;;;;;;;;;3397c4f4ae5bca7147c616b98530b573a34d53fe;2020-01-25T21:00:00Z;;;1;1;1;;0;0;0;0;0
20200124;1;1;;;;;;;;;;df62af08ca19261e649a2956caaa742afa10fba4;2020-01-24T21:00:00Z;;;1;1;1;;0;0;0;0;0
20200123;1;1;;;;;;;;;;990a02f183bd45edc0cc64e2e9cee81ade44e1d5;2020-01-23T21:00:00Z;;;1;1;1;;0;0;0;0;0
20200122;1;1;;;;;;;;;;6f126ac272c96ac177c9e7a012c1ad72635ef468;2020-01-22T21:00:00Z;;;1;1;1;;;;;;
